# Blender 4.2.0
# www.blender.org
mtllib Scaffolding01Btm.mtl
o Scaffolding01M
v 1.000000 4.050000 -2.070711
v 1.000000 -0.500000 -2.070711
v 1.070711 4.050000 -2.000000
v 1.070711 -0.500000 -2.000000
v 0.929289 4.050000 -2.000000
v 0.929289 -0.500000 -2.000000
v 1.000000 4.050000 -1.929289
v 1.000000 -0.500000 -1.929289
v 1.000000 4.050000 1.929289
v 1.000000 -0.500000 1.929289
v 1.070711 4.050000 2.000000
v 1.070711 -0.500000 2.000000
v 0.929289 4.050000 2.000000
v 0.929289 -0.500000 2.000000
v 1.000000 4.050000 2.070711
v 1.000000 -0.500000 2.070711
v 1.141421 4.050000 -2.298798
v 1.141421 0.108335 2.389702
v 1.212132 3.995832 -2.344250
v 1.212132 0.054168 2.344250
v 1.070711 3.995832 -2.344250
v 1.070711 0.054168 2.344250
v 1.141421 3.941665 -2.389702
v 1.141421 0.000000 2.298798
v -1.000000 4.050000 -2.070711
v -1.000000 -0.500000 -2.070711
v -1.070711 4.050000 -2.000000
v -1.070711 -0.500000 -2.000000
v -0.929289 4.050000 -2.000000
v -0.929289 -0.500000 -2.000000
v -1.000000 4.050000 -1.929289
v -1.000000 -0.500000 -1.929289
v -1.000000 4.050000 1.929289
v -1.000000 -0.500000 1.929289
v -1.070711 4.050000 2.000000
v -1.070711 -0.500000 2.000000
v -0.929289 4.050000 2.000000
v -0.929289 -0.500000 2.000000
v -1.000000 4.050000 2.070711
v -1.000000 -0.500000 2.070711
v -1.141421 4.050000 2.298798
v -1.141421 0.108335 -2.389702
v -1.212132 3.995832 2.344250
v -1.212132 0.054168 -2.344250
v -1.070711 3.995832 2.344250
v -1.070711 0.054168 -2.344250
v -1.141421 3.941665 2.389702
v -1.141421 0.000000 -2.298798
v 1.212132 3.908579 1.858578
v 1.212132 3.837868 1.787868
v 1.212132 3.837868 1.929289
v 1.212132 3.767158 1.858579
v -1.212132 3.767158 1.858579
v -1.212132 3.908579 1.858578
v -1.212132 3.837868 1.787868
v -1.212132 3.837868 1.929289
v 1.212132 3.908579 -1.858578
v 1.212132 3.837868 -1.787868
v 1.212132 3.837868 -1.929289
v 1.212132 3.767158 -1.858579
v -1.212132 3.767158 -1.858579
v -1.212132 3.908579 -1.858578
v -1.212132 3.837868 -1.787868
v -1.212132 3.837868 -1.929289
vn -0.0000 1.0000 -0.0000
vn 0.7071 -0.0000 0.7071
vn -0.7071 -0.0000 0.7071
vn 0.7071 -0.0000 -0.7071
vn -0.7071 -0.0000 -0.7071
vn -0.0000 -0.6428 0.7660
vn -0.7071 0.5412 0.4550
vn 0.7071 0.5412 0.4550
vn -0.0000 0.6428 -0.7660
vn -0.7071 -0.5412 -0.4550
vn 0.7071 -0.5412 -0.4550
vn -0.0000 0.6428 0.7660
vn -0.7071 -0.5412 0.4550
vn 0.7071 -0.5412 0.4550
vn -0.0000 -0.6428 -0.7660
vn -0.7071 0.5412 -0.4550
vn 0.7071 0.5412 -0.4550
vn 1.0000 -0.0000 -0.0000
vn -0.0000 -0.7071 -0.7071
vn -0.0000 -0.7071 0.7071
vn -1.0000 -0.0000 -0.0000
vn -0.0000 0.7071 -0.7071
vn -0.0000 0.7071 0.7071
vt 1.000000 1.000000
vt 0.984375 0.951219
vt 1.000000 0.951219
vt 0.125000 1.000000
vt 0.125000 0.951219
vt 0.984375 0.804878
vt 0.125000 0.853659
vt 0.125000 0.804878
vt 0.984375 0.902439
vt 0.125000 0.902439
vt 0.984375 0.853659
vt 1.000000 0.804878
vt 1.000000 0.853659
vt 0.000000 0.853659
vt 0.015625 0.804878
vt 0.015625 0.853659
vt 0.937500 0.853659
vt 0.937500 0.804878
vt 0.015625 1.000000
vt 0.937500 0.951219
vt 0.937500 1.000000
vt 0.953125 1.000000
vt 0.937500 0.902439
vt 0.015625 0.951219
vt 0.000000 0.804878
vt 0.953125 0.951219
vt 0.015625 0.902439
vt 0.984375 1.000000
vt 0.585938 0.902439
vt 0.585938 0.853659
vt 0.585938 0.951219
vt 0.570312 0.804878
vt 0.570312 0.853659
vt 0.585938 0.804878
vt 0.585938 1.000000
vt 0.429688 0.804878
vt 0.414062 0.853659
vt 0.414062 0.804878
vt 0.414062 0.951219
vt 0.414062 0.902439
vt 0.000000 1.000000
vt 0.414062 1.000000
vt 0.429688 0.853659
vt 0.000000 0.951219
s 0
usemtl Scaffolding
f 5/1/1 3/2/1 1/3/1
f 3/2/2 8/4/2 4/5/2
f 7/6/3 6/7/3 8/8/3
f 1/9/4 4/5/4 2/10/4
f 5/11/5 2/10/5 6/7/5
f 13/11/1 11/12/1 9/13/1
f 11/2/2 16/4/2 12/5/2
f 15/6/3 14/7/3 16/8/3
f 9/9/4 12/5/4 10/10/4
f 13/11/5 10/10/5 14/7/5
f 17/14/6 23/15/6 19/16/6
f 20/17/7 23/15/7 24/18/7
f 23/19/8 22/20/8 24/21/8
f 22/20/9 20/22/9 24/21/9
f 18/23/10 19/16/10 20/17/10
f 21/24/11 18/23/11 22/20/11
f 27/2/1 29/1/1 25/3/1
f 32/4/3 27/2/3 28/5/3
f 30/7/2 31/6/2 32/8/2
f 28/5/5 25/9/5 26/10/5
f 26/10/4 29/11/4 30/7/4
f 35/12/1 37/11/1 33/13/1
f 40/4/3 35/2/3 36/5/3
f 38/7/2 39/6/2 40/8/2
f 36/5/5 33/9/5 34/10/5
f 34/10/4 37/11/4 38/7/4
f 41/14/12 47/15/12 45/25/12
f 44/17/13 47/15/13 43/16/13
f 46/20/14 47/19/14 48/21/14
f 46/20/15 44/22/15 42/26/15
f 42/23/16 43/16/16 41/27/16
f 42/23/17 45/24/17 46/20/17
f 51/2/18 50/1/18 49/28/18
f 50/11/19 53/29/19 55/30/19
f 52/9/20 56/31/20 53/29/20
f 56/32/21 55/30/21 53/33/21
f 49/6/22 55/30/22 54/34/22
f 51/2/23 54/35/23 56/31/23
f 58/36/18 59/37/18 57/38/18
f 61/27/20 58/39/20 63/24/20
f 64/16/19 60/40/19 61/27/19
f 64/41/21 63/24/21 62/19/21
f 63/24/23 57/42/23 62/19/23
f 62/15/22 59/37/22 64/16/22
f 5/1/1 7/28/1 3/2/1
f 3/2/2 7/28/2 8/4/2
f 7/6/3 5/11/3 6/7/3
f 1/9/4 3/2/4 4/5/4
f 5/11/5 1/9/5 2/10/5
f 13/11/1 15/6/1 11/12/1
f 11/2/2 15/28/2 16/4/2
f 15/6/3 13/11/3 14/7/3
f 9/9/4 11/2/4 12/5/4
f 13/11/5 9/9/5 10/10/5
f 17/14/6 21/25/6 23/15/6
f 20/17/7 19/16/7 23/15/7
f 23/19/8 21/24/8 22/20/8
f 22/20/9 18/26/9 20/22/9
f 18/23/10 17/27/10 19/16/10
f 21/24/11 17/27/11 18/23/11
f 27/2/1 31/28/1 29/1/1
f 32/4/3 31/28/3 27/2/3
f 30/7/2 29/11/2 31/6/2
f 28/5/5 27/2/5 25/9/5
f 26/10/4 25/9/4 29/11/4
f 35/12/1 39/6/1 37/11/1
f 40/4/3 39/28/3 35/2/3
f 38/7/2 37/11/2 39/6/2
f 36/5/5 35/2/5 33/9/5
f 34/10/4 33/9/4 37/11/4
f 41/14/12 43/16/12 47/15/12
f 44/17/13 48/18/13 47/15/13
f 46/20/14 45/24/14 47/19/14
f 46/20/15 48/21/15 44/22/15
f 42/23/16 44/17/16 43/16/16
f 42/23/17 41/27/17 45/24/17
f 51/2/18 52/3/18 50/1/18
f 50/11/19 52/9/19 53/29/19
f 52/9/20 51/2/20 56/31/20
f 56/32/21 54/34/21 55/30/21
f 49/6/22 50/11/22 55/30/22
f 51/2/23 49/28/23 54/35/23
f 58/36/18 60/43/18 59/37/18
f 61/27/20 60/40/20 58/39/20
f 64/16/19 59/37/19 60/40/19
f 64/41/21 61/44/21 63/24/21
f 63/24/23 58/39/23 57/42/23
f 62/15/22 57/38/22 59/37/22
